============================================================
  拼豆图纸
  尺寸: 40 x 40  (共 1600 颗)
============================================================

【颜色对照】
   0 | C1     | RGB(255,255,255) | 需要 1173 颗
   1 | C2     | RGB(247,249,250) | 需要    6 颗
   2 | C3     | RGB(244,247,250) | 需要   55 颗
   3 | C4     | RGB(243,246,249) | 需要   54 颗
   4 | C5     | RGB(242,244,248) | 需要  104 颗
   5 | C6     | RGB(239,245,250) | 需要   10 颗
   6 | C7     | RGB(234,240,247) | 需要   20 颗
   7 | C8     | RGB(239,238,232) | 需要   26 颗
   8 | C9     | RGB(229,238,246) | 需要   59 颗
   9 | C10    | RGB(234,188,130) | 需要   32 颗
  10 | C11    | RGB(118,155,169) | 需要   37 颗
  11 | C12    | RGB( 97,103,158) | 需要   24 颗

【网格图纸】
 4  4  8  8  8  8  8  8  8  8  8  8  8  0  0  0  0  0  0  0  0  0  0  0  0  0  0  0  0  0  0  0  0  0  0  0  0  0  6  6
 4  0  8  8  8  8 11  8  8  8  8  8  8  0  4  4  4  4  4  4  4  4  4  4  0 10  8 10 10 10  0  0  0  0  0 11  0  0  0  0
 4  4  8 11  8  8  8  8  8  8  8  8  8  0  4  4  4  4  4  4  4  4  4  4  0  8  6  0  5  6  0  0  0  0  0  0  0  0  0  0
 4  4  8  8  8  8  8  8  8  8  8  8  8  0  0  0  0  0  0  0  0  0  0  0  0  0  0  0  0  0  0  0  0  0  0  0  0  0  0  0
 0  0  8  0  0  0  0  0  0  0  0  0 11  0 11 11 10  0  0  0  0  0  0  0  0  0  0  0  0  0  0  0  0  0  0  0  0  0  0  0
 0  0  8  0  0  0  0  0  0  0 11  0 11  0 11 11 11 11 11  0  0  0  0  0  0  0  0  0  0  0  0  0  0  0  0  0  0  0  0  0
 0  0  8 10  0  0  0  0  0  0  0  0 11  0  0  0  0  0  0  0  0  0  0  0  0  0  0  0  0  0  0  0  0  0  0  0  0  0  0  0
 6  6  6  0  0  0  0  0  0  0  0  0 11  0  0  0  0  0  0  0  0  0  0  0  0  0  0  0  0  0  0  0  0  0  0  0  0  0  0  0
 4  4  6  0  0  0  0  0  0  0  0  0 11  0  0  0  0  0  0  0  0  0  0  0  0  0  0  0  0  0  0  0  0  0  0  0  0  0  0  0
 4  4  6  0  0  0  0  0  0  0  0  0 11  0  0  0  0  0  0  0 10 10  0  0  0  0  0  0  0  0  0  0  0  0  0  0  0  0  0  0
 4  4  6  8  8  8  8  8  8  8  8  8  6  0  0  0  0  0  0  0  0  0  0  0  0  0  0  0  0  0  0  0  0  0  0  0  0  0  0  0
 4  4  6  0  0  0  0  0  0  0  0  0  0  0  0  0  0  0  0  0  0  0  0  0  0  0  0  0  0  0  0  0  0  0  0  0  0  0  0  0
 4  4  6  0  0  0  0  0  0  0  0  0  0  0  0  0  0  0  0  0  0  0  0  0  0  0  0  0  0  0  0  0  0  0  0  0  0  0  0  0
 4  4  6  0  0  0  0  0  0  0  0  0  0  0  0  9  0  0  0  0  0  0  0  0  0  0  0  0  0  0  0  0  0  0  0  0  0  0  0  0
 4  4  6  0  0  0 10  0  9  0  0  1  0  0  0  0  0  0  0  0  0  0  0  0  0  0  0  0  0  0  0  0  0  0  0  0  0  0  0  0
 4  4  6  0  8  0  8  0  9  0  0  0  0  0  0  0  0  0  0  0  0  0  0  0  0  0  0  0  0  0  0  0  0  0  0  0  0  0  0  0
 4  9  6  0 11  0  0  0  0  0 11 11  0  0  0  7  0  0  0  0  0  0  0  0  0  0  0  0  0  0 10  0  0  0  0  0  0  0  0  0
 4  4  6  0  0  0  0  0  0  0  0  0  0  0  0  0  0  0  0  0  0  0  0  0  0  0  0  0  0  0  0  0  0  0  0  0  0  0  0  0
 4  4  6  0  0  0  0  0  0  0  0  0  0  0  0  0  0  0  0  0  0  0  0  0  0  0  0  0  0  0  0  0  0  0  0  0  0  0  0  0
 4  4  5  0  9  0  8  0  9  0  0  0  0  0  0  7  0 11  0  0  0  0  0  0  0  0  0  0  0  0 10  0  0  0  0  0  0  0  0  0
 4  4  5  0  0  0  0  0  0  0  0  0  0  0  0  0  0  0  0  0  0  0  0  0  0  0  0  0  0  0  0  0  0  0  0  0  0  0  0  0
 4  4  5  0  0  0  0  0  0  0  0  0  0  0  0  0  0  0  0  0  0  0  0  0  0  0  0  0  0  0  0  0  0  0  0  0  0  0  0  0
 4  4  5  0  0  0  0  0  0  0  0  0  0  0  0  9  0  0  0  0  0  0  0  0  0  0  0  0  0  0 10  0  0  0  0  0  0  0  0  0
 4  4  5  0  0  0 10  0  9  0  0  0  0  0  0  0  0  0  0  0  0  0  0  0  0  0  0  0  0  0  0  0  0  0  0  0  0  0  0  0
 4  4  5  0  0  0 10  0  9  0  0  0  0  0  0  0  0  0  0  0  0  0  0  0  0  0  0  0  0  0  0  0  0  0  0  0  0  0  0  0
 4  4  5  0  0  0  0  0 11  0  0  0  0  0  0  7  0  0  0  0  0  0  0  0  0  0  0  0  0  0  0  0  0  0  0  0  0  0  0  0
 4  4  5  0  0  0  0  0  0  0  0  0  0  0  0  0  0  0  0  0  0  0  0  0  0  0  0  0  0  0  0  0  0  0  0  0  0  0  0  0
 4  4  5  0  0  0  0  0  0  0  0  0  6  0  0  0  0  0  0  0  0  0  0  0  0  0  0  0  0  0  0  0  0  0  0  0  0  0  0  0
 4  4  4  4  4  4  4  4  4  4  4  4  4  0  0  9  0  0  0  0  0  0  0  0  0  0  0  0  0  0  0  0  0  0  0  0  0  0  0  0
 4  4  3  3  3  3  3  4  4  4  4  4  4  0  0  9  0  0  0  0  0  0  0  0  0  0  0  0  0  0  0  0  0  0  0  0  0  0  0  0
 4  4  4  3  3  3  4  3  3  3  3  3  3  0  0  7  7  7  7  7  7  7  7  7  7  7  7  7  7  7  7  7  7  7  7  7  0  0  0  0
 4  4  3  3  3  3  3  3  3  3  3  3  3  0  0  0  0  0  0  0  0  0  0  0  0  0  0  0  0  0  0  0  0  0  0  0  0  0  0  0
 4  4  3  3  3  3  3  3  3  3  3  3  3  0  0  9  0  0  0  0  0  0  0  0  0  0  0  0  0  0  0  0  0  0  0  0  0  0  0  0
 4  4  3  3  3  3  3  3  3  3  3  3  3  0  0  0  0  0  0  0  0  0  0  0  0  0  0  0  0  0  0  0  0  0  0  0  9  9  9  0
 4  7  2  2  2  2  2  3  3  3  3  3  3  0  0  0  0  0  0  0  0  0  0  0  0  0  0  0  0  0  0  0  0  0  0  0  9  9  9  0
 4  4  2  2  2  2  2  2  2  2  2  2  2  0  0  9 11  0  0  0  0  0  0  0  0  0  0  0  0  0 10  0  0  0  0  0  9  9  9  0
 4  4  2  2  2  2  2  2  2  2  2  2  2  0  0  0  0  0  0  0  0  0  0  0  0  0  0  0  0  0  0  0  0  0  0  0  9  7  3  0
 9  9  2  2  2  2  2  2  2  2  2  2  2  0  0  0  0  0  0  0  0  0  0  0  0  0  0  0  0  0  0  0  0  0  0  0  9  9  9  0
11  9  2  2  2  2  2  2  2  2  2  2  2  0  0  0  0  0  0  0  0  0  0  0  0  0  0  0  0  0  0  0  0  0  0  0  9  9  9  0
 4  4  1  1  1  1  1  2  2  2  2  2  2  0 10 10 10 10 10 10 10 10 10 10 10 10 10 10 10 10 10 10 10 10 10  0  0  0  0 10

总数: 1600 颗 | 颜色: 12 种